24998at4891	0	40.1865218604	193
4765at4891	0	76.3	763.0
38368at4891	0	25.0	250.0
39816at4891	0	24.3508161197	159
3616at4891	0	76.4271697808	580
17830at4891	0	22.5	225.0
1947at4891	0	85.3	853.0
16233at4891	0	45.9258517575	404
5536at4891	0	50.2	502.0
8475at4891	0	34.5	345.0
7237at4891	0	45.6	456.0
23741at4891	0	28.7	287.0
34687at4891	0	11.2	112.0
18949at4891	0	45.7920156321	304
18783at4891	0	25.3	253.0
20532at4891	0	24.7	247.0
32319at4891	0	12.5	125.0
11405at4891	0	58.1	581.0
30752at4891	0	20.3	203.0
37939at4891	0	12.9	129.0
26316at4891	0	19.3	193.0
4478at4891	0	47.0	470.0
2471at4891	0	77.9	779.0
30222at4891	0	15.3	153.0
19254at4891	0	33.5	335.0
16038at4891	0	40.8	408.0
6396at4891	0	45.2	452.0
24114at4891	0	19.9	199.0
13501at4891	0	80.8083491865	394
1841at4891	0	72.9719259851	504
34959at4891	0	20.8	208.0
18087at4891	0	26.1	261.0
15018at4891	0	150.766061849	596
5183at4891	0	46.2	462.0
26290at4891	0	25.9632241644	163
14054at4891	0	28.3	283.0
13867at4891	0	32.6	326.0
18378at4891	0	23.6	236.0
2565at4891	0	116.086994406	618
2543at4891	0	52.7944100235	522
35588at4891	0	10.4	104.0
28251at4891	0	16.1	161.0
33600at4891	0	30.9	309.0
5569at4891	0	113.14356274	557
25226at4891	0	48.5579434683	379
13197at4891	0	28.3	283.0
24818at4891	0	18.9	189.0
33531at4891	0	12.8257850066	116
19641at4891	0	17.7248134398	152
115at4891	0	169.270450168	1447
1344at4891	0	69.5770417368	516
39508at4891	0	45.4870003115	447
36448at4891	0	17.0	170.0
25828at4891	0	29.6	296.0
9030at4891	0	61.7	617.0
34811at4891	0	10.0	100.0
5483at4891	0	60.3	603.0
24255at4891	0	16.9	169.0
15616at4891	0	44.9	449.0
39138at4891	0	7.6	76.0
2446at4891	0	91.1598248386	762
10825at4891	0	40.2	402.0
12314at4891	0	30.7	307.0
18047at4891	0	32.0	320.0
10359at4891	0	33.0	330.0
28498at4891	0	15.9	159.0
25783at4891	0	21.9	219.0
18733at4891	0	23.4	234.0
23232at4891	0	15.8	158.0
31371at4891	0	29.5	295.0
11892at4891	0	35.3	353.0
41713at4891	0	5.9	59.0
28051at4891	0	16.3	163.0
17054at4891	0	28.5	285.0
11626at4891	0	41.5	415.0
34416at4891	0	16.8	168.0
431at4891	0	105.6	1056.0
21150at4891	0	29.3	293.0
24793at4891	0	26.8	268.0
20748at4891	0	20.1	201.0
13407at4891	0	35.6	356.0
29300at4891	0	32.0	320.0
10892at4891	0	35.9	359.0
20167at4891	0	28.969993796	278
3032at4891	0	58.5	585.0
37089at4891	0	10.1	101.0
37735at4891	0	12.9	129.0
40021at4891	0	20.6577456352	158
1633at4891	0	57.9	579.0
14834at4891	0	27.1625483614	241
14631at4891	0	38.7	387.0
11349at4891	0	60.2	602.0
26325at4891	0	26.2	262.0
7582at4891	0	36.5	365.0
154at4891	0	25.2	252.0
32892at4891	0	16.5	165.0
3292at4891	0	47.3	473.0
9446at4891	0	39.4	394.0
22230at4891	0	26.4	264.0
23351at4891	0	27.8	278.0
19756at4891	0	67.1	671.0
4034at4891	0	46.4	464.0
4474at4891	0	48.4333562744	476
8037at4891	0	60.1777113361	384
4254at4891	0	53.1	531.0
21506at4891	0	46.4309309766	348
14108at4891	0	33.9	339.0
34467at4891	0	13.2	132.0
7444at4891	0	47.5	475.0
19259at4891	0	28.7	287.0
22819at4891	0	23.6	236.0
5384at4891	0	46.0483346366	387
33387at4891	0	12.1	121.0
5194at4891	0	61.1	611.0
28629at4891	0	15.8	158.0
30539at4891	0	13.1	131.0
31650at4891	0	20.6	206.0
11916at4891	0	32.5	325.0
39854at4891	0	8.8	88.0
33398at4891	0	13.7	137.0
33087at4891	0	28.6592154573	219
21530at4891	0	24.5	245.0
13437at4891	0	35.8	358.0
3287at4891	0	69.8	698.0
28812at4891	0	15.6	156.0
41476at4891	0	9.32640827694	55
6149at4891	0	42.2	422.0
37194at4891	0	24.4640807736	178
10391at4891	0	48.1	481.0
38264at4891	0	58.6576553087	275
38798at4891	0	11.4	114.0
40078at4891	0	9.1	91.0
33667at4891	0	12.4	124.0
29660at4891	0	23.4	234.0
31564at4891	0	12.9	129.0
24980at4891	0	19.9	199.0
9643at4891	0	43.996048844	331
31279at4891	0	21.4	214.0
26745at4891	0	24.6490282781	195
10924at4891	0	29.4	294.0
22920at4891	0	25.9	259.0
39132at4891	0	7.4	74.0
32025at4891	0	13.3	133.0
33709at4891	0	11.0	110.0
1699at4891	0	68.8	688.0
42500at4891	0	8.38967314714	67
1860at4891	0	61.2	612.0
11586at4891	0	33.5	335.0
23023at4891	0	44.4566126798	386
10130at4891	0	51.9456572569	473
31320at4891	0	16.1	161.0
33306at4891	0	15.1	151.0
28527at4891	0	41.9492584127	332
25443at4891	0	23.4	234.0
24692at4891	0	21.6	216.0
5157at4891	0	61.8	618.0
41473at4891	0	6.8	68.0
27558at4891	0	16.1	161.0
10800at4891	0	41.5	415.0
9175at4891	0	45.5	455.0
12237at4891	0	37.5911289133	300
3988at4891	0	61.2	612.0
4448at4891	0	72.1622163201	486
36882at4891	0	16.2444108946	131
21808at4891	0	43.0960072985	384
24360at4891	0	21.0	210.0
36113at4891	0	10.5	105.0
34188at4891	0	20.4580955697	156
28058at4891	0	17.3	173.0
9759at4891	0	39.8	398.0
36811at4891	0	8.8	88.0
16156at4891	0	86.0	860.0
20375at4891	0	30.7	307.0
4773at4891	0	87.902389046	451
30988at4891	0	27.3	273.0
29770at4891	0	20.9	209.0
14376at4891	0	31.4	314.0
1240at4891	0	101.557913181	561
5691at4891	0	44.4	444.0
29491at4891	0	28.8	288.0
21182at4891	0	27.3	273.0
26880at4891	0	19.7	197.0
27081at4891	0	18.9	189.0
36486at4891	0	13.6	136.0
24610at4891	0	27.4685733616	142
6902at4891	0	52.6	526.0
26469at4891	0	20.9959951244	159
16688at4891	0	67.3	673.0
21634at4891	0	28.6	286.0
29932at4891	0	53.5	535.0
29203at4891	0	28.3	283.0
21248at4891	0	32.9188573795	290
29985at4891	0	19.7	197.0
11698at4891	0	31.3	313.0
28359at4891	0	43.2904571957	300
36583at4891	0	11.5	115.0
37398at4891	0	40.6	406.0
7515at4891	0	48.3	483.0
32785at4891	0	15.1	151.0
17309at4891	0	20.2	202.0
9657at4891	0	35.9	359.0
29125at4891	0	32.7	327.0
4853at4891	0	88.4198378879	347
14739at4891	0	30.1	301.0
27126at4891	0	29.562630007	156
510at4891	0	95.6	956.0
17870at4891	0	26.1	261.0
19264at4891	0	34.7563902642	341
31374at4891	0	30.2018776924	159
12445at4891	0	33.4	334.0
1523at4891	0	78.6	786.0
16391at4891	0	52.9	529.0
23226at4891	0	20.4	204.0
7831at4891	0	44.2	442.0
7136at4891	0	45.7567404679	455
7692at4891	0	57.6	576.0
11232at4891	0	26.3	263.0
34789at4891	0	16.7501623216	124
19842at4891	0	56.3733207622	352
23345at4891	0	28.9	289.0
25967at4891	0	17.2	172.0
1299at4891	0	93.7	937.0
28186at4891	0	23.1	231.0
29560at4891	0	21.2	212.0
24835at4891	0	25.7	257.0
32546at4891	0	14.8	148.0
35670at4891	0	12.1	121.0
86at4891	0	182.1	1821.0
35796at4891	0	19.536534483	173
23956at4891	0	32.6258727751	230
26569at4891	0	30.2	302.0
27991at4891	0	23.3518016401	194
20394at4891	0	25.2	252.0
11624at4891	0	28.0	280.0
35014at4891	0	16.8324405806	115
14377at4891	0	29.1	291.0
41181at4891	0	17.0	170.0
2385at4891	0	71.1	711.0
32549at4891	0	13.4	134.0
10233at4891	0	28.4	284.0
13519at4891	0	30.9	309.0
28993at4891	0	36.0	360.0
30591at4891	0	13.6	136.0
27863at4891	0	109.099757184	552
21513at4891	0	36.4350080442	353
18416at4891	0	26.9	269.0
26894at4891	0	20.4	204.0
4848at4891	0	58.5	585.0
23357at4891	0	55.3	553.0
17728at4891	0	23.9	239.0
34318at4891	0	12.4	124.0
39178at4891	0	21.5	215.0
32872at4891	0	11.8	118.0
17771at4891	0	26.7	267.0
18822at4891	0	29.2	292.0
39278at4891	0	13.4	134.0
2915at4891	0	115.45660991	942
5741at4891	0	54.8	548.0
11825at4891	0	34.9	349.0
15785at4891	0	31.1880871323	221
12110at4891	0	30.3	303.0
35981at4891	0	13.0805121762	113
28780at4891	0	18.3	183.0
18113at4891	0	36.3611707298	325
35367at4891	0	32.1765877119	145
31728at4891	0	24.8365685056	151
15702at4891	0	34.7	347.0
11198at4891	0	34.6	346.0
18097at4891	0	26.2	262.0
25313at4891	0	23.7	237.0
31822at4891	0	16.1	161.0
14888at4891	0	51.8	518.0
9012at4891	0	42.0	420.0
23750at4891	0	23.2	232.0
37386at4891	0	14.7	147.0
38778at4891	0	6.1	61.0
35912at4891	0	22.1	221.0
9525at4891	0	36.6	366.0
1875at4891	0	79.3	793.0
9469at4891	0	42.1	421.0
27862at4891	0	29.3300487527	196
29122at4891	0	28.4	284.0
12784at4891	0	40.1	401.0
38915at4891	0	8.2	82.0
16446at4891	0	30.4	304.0
33386at4891	0	11.1816331245	96
27888at4891	0	19.7947989373	147
29070at4891	0	15.3	153.0
16677at4891	0	61.1	611.0
2630at4891	0	84.6	846.0
12549at4891	0	30.4	304.0
6at4891	0	335.700959269	2783
22538at4891	0	35.7	357.0
28323at4891	0	31.1	311.0
986at4891	0	165.23751114	1362
6821at4891	0	35.8	358.0
37266at4891	0	7.3	73.0
692at4891	0	124.5	1245.0
37165at4891	0	13.7	137.0
4661at4891	0	101.522159019	510
18995at4891	0	24.5	245.0
9507at4891	0	38.4	384.0
16203at4891	0	32.1	321.0
37570at4891	0	16.6917145115	142
2203at4891	0	62.6	626.0
26729at4891	0	19.1	191.0
25476at4891	0	18.7	187.0
37641at4891	0	15.3	153.0
39075at4891	0	9.2	92.0
8365at4891	0	60.8711116823	443
16970at4891	0	28.2	282.0
18487at4891	0	34.7	347.0
23143at4891	0	25.1	251.0
394at4891	0	113.4	1134.0
16556at4891	0	26.1	261.0
29148at4891	0	24.2	242.0
32607at4891	0	19.8486708804	128
28151at4891	0	31.2	312.0
22859at4891	0	19.4	194.0
30948at4891	0	11.5	115.0
17129at4891	0	47.2575581223	333
13847at4891	0	31.5	315.0
13290at4891	0	40.8	408.0
2825at4891	0	59.8	598.0
24837at4891	0	23.2	232.0
15248at4891	0	42.1	421.0
26527at4891	0	39.8515624164	371
6437at4891	0	46.9	469.0
274at4891	0	165.6	1656.0
16726at4891	0	22.5	225.0
12194at4891	0	71.0	710.0
33227at4891	0	15.6	156.0
18789at4891	0	26.5	265.0
40930at4891	0	6.3	63.0
37680at4891	0	7.2	72.0
31913at4891	0	45.1928228407	283
37126at4891	0	11.6	116.0
13823at4891	0	30.2	302.0
13503at4891	0	28.8	288.0
34895at4891	0	22.6	226.0
32545at4891	0	12.2	122.0
7265at4891	0	79.6050194574	547
33349at4891	0	14.6	146.0
22532at4891	0	31.8237232362	225
38176at4891	0	13.8	138.0
11682at4891	0	35.5	355.0
6046at4891	0	44.6	446.0
9862at4891	0	39.3	393.0
29475at4891	0	19.1	191.0
4336at4891	0	43.6	436.0
61at4891	0	271.638274698	1843
25873at4891	0	17.9	179.0
35061at4891	0	10.6	106.0
16711at4891	0	25.2	252.0
33887at4891	0	17.6	176.0
4064at4891	0	64.7	647.0
38523at4891	0	10.2338524105	102
11155at4891	0	31.1	311.0
39248at4891	0	6.5	65.0
26866at4891	0	28.7	287.0
5123at4891	0	57.4	574.0
33312at4891	0	19.6	196.0
29534at4891	0	34.7184966882	274
26555at4891	0	25.7937727421	234
12039at4891	0	36.8	368.0
26500at4891	0	18.5	185.0
36972at4891	0	26.4	264.0
1312at4891	0	156.497275111	1059
30116at4891	0	23.6	236.0
27889at4891	0	23.5621072684	206
27475at4891	0	17.9	179.0
30352at4891	0	23.3190043722	204
30264at4891	0	27.3	273.0
25626at4891	0	24.6145639156	215
33121at4891	0	13.2	132.0
4476at4891	0	52.0	520.0
2166at4891	0	67.8	678.0
3798at4891	0	55.0	550.0
31628at4891	0	12.2	122.0
34147at4891	0	25.6	256.0
20859at4891	0	25.5	255.0
29252at4891	0	16.4	164.0
25093at4891	0	18.6	186.0
10934at4891	0	36.8	368.0
12567at4891	0	32.7	327.0
35083at4891	0	21.8	218.0
17265at4891	0	26.6	266.0
35842at4891	0	17.4	174.0
25480at4891	0	18.4387175884	147
26413at4891	0	19.2	192.0
14504at4891	0	37.5	375.0
18482at4891	0	27.6	276.0
31102at4891	0	14.9	149.0
30938at4891	0	23.8329395797	186
10350at4891	0	36.3	363.0
28037at4891	0	23.4	234.0
21312at4891	0	33.2	332.0
38540at4891	0	21.9988618286	189
24498at4891	0	14.5	145.0
40500at4891	0	11.8938598553	88
23964at4891	0	50.6294327389	387
15943at4891	0	22.5	225.0
4865at4891	0	94.3509969774	506
4366at4891	0	161.116716983	804
19827at4891	0	24.8013971027	219
30563at4891	0	23.3031104137	203
7363at4891	0	43.7	437.0
28309at4891	0	15.7	157.0
27202at4891	0	30.0941930526	256
216at4891	0	100.8	1008.0
2971at4891	0	61.6	616.0
24579at4891	0	32.0	320.0
12627at4891	0	33.6	336.0
35136at4891	0	9.2	92.0
35036at4891	0	22.8	228.0
12468at4891	0	86.8039472536	563
26198at4891	0	27.7	277.0
28933at4891	0	16.1	161.0
19222at4891	0	23.95602578	202
35844at4891	0	9.6	96.0
12232at4891	0	29.6	296.0
18728at4891	0	51.0	510.0
29631at4891	0	14.7028282278	131
36374at4891	0	23.7	237.0
751at4891	0	91.5	915.0
16125at4891	0	39.4	394.0
33999at4891	0	10.5	105.0
1923at4891	0	64.0	640.0
33668at4891	0	11.6	116.0
11809at4891	0	28.8	288.0
42337at4891	0	11.3	113.0
27063at4891	0	52.4884542253	359
23266at4891	0	45.9	459.0
21583at4891	0	29.3797244585	208
6567at4891	0	51.1	511.0
3596at4891	0	50.1	501.0
17769at4891	0	63.8395845486	553
15011at4891	0	28.2	282.0
6691at4891	0	40.9	409.0
24992at4891	0	21.1	211.0
1180at4891	0	95.6	956.0
7407at4891	0	38.7	387.0
28544at4891	0	15.6	156.0
24709at4891	0	22.2	222.0
27330at4891	0	15.8	158.0
32853at4891	0	10.9	109.0
8330at4891	0	47.3	473.0
6231at4891	0	55.2	552.0
8311at4891	0	42.4	424.0
8855at4891	0	44.8	448.0
26418at4891	0	19.1	191.0
1529at4891	0	81.7	817.0
7840at4891	0	59.3	593.0
2549at4891	0	99.9	999.0
7327at4891	0	54.2212022323	454
29467at4891	0	17.0	170.0
9958at4891	0	56.4	564.0
29555at4891	0	17.4	174.0
29169at4891	0	27.2769050581	169
34835at4891	0	25.584371038	174
31662at4891	0	18.1	181.0
1220at4891	0	121.8	1218.0
13874at4891	0	34.1	341.0
13129at4891	0	30.3	303.0
4175at4891	0	56.2527759705	558
36106at4891	0	7.1	71.0
1521at4891	0	77.2	772.0
26111at4891	0	25.2	252.0
15514at4891	0	33.3	333.0
13875at4891	0	35.4	354.0
3246at4891	0	78.7	787.0
11266at4891	0	36.9	369.0
8737at4891	0	36.1	361.0
29533at4891	0	22.1645590671	181
33119at4891	0	13.1	131.0
18990at4891	0	33.7970283133	213
28648at4891	0	50.993215569	359
20594at4891	0	24.6	246.0
27928at4891	0	11.9058719492	106
21711at4891	0	19.0	190.0
17461at4891	0	120.219162439	881
27717at4891	0	33.7835109785	291
4361at4891	0	51.0	510.0
15731at4891	0	46.4883982427	296
5189at4891	0	45.0	450.0
16461at4891	0	41.8888483255	355
24627at4891	0	44.8547947286	405
34378at4891	0	22.6	226.0
8064at4891	0	51.3	513.0
28548at4891	0	17.3	173.0
2716at4891	0	52.6	526.0
1341at4891	0	60.2	602.0
12422at4891	0	38.3	383.0
17712at4891	0	36.1008626033	319
22851at4891	0	38.2080506587	378
3496at4891	0	68.8	688.0
30904at4891	0	19.8	198.0
27533at4891	0	19.9	199.0
15897at4891	0	26.2	262.0
1708at4891	0	71.7	717.0
594at4891	0	96.4	964.0
4846at4891	0	49.7140384	429
7300at4891	0	44.0	440.0
13869at4891	0	29.8	298.0
20145at4891	0	21.3	213.0
3937at4891	0	42.8	428.0
21277at4891	0	30.0	300.0
16598at4891	0	36.9	369.0
4795at4891	0	48.1	481.0
10975at4891	0	50.0	500.0
27547at4891	0	20.9	209.0
33952at4891	0	17.1	171.0
41696at4891	0	21.7779291531	160
9032at4891	0	37.9	379.0
8944at4891	0	42.3	423.0
29872at4891	0	23.0841104871	188
19306at4891	0	25.1	251.0
31512at4891	0	14.8	148.0
34341at4891	0	21.9	219.0
27851at4891	0	14.2	142.0
18899at4891	0	27.3	273.0
33875at4891	0	12.5	125.0
14062at4891	0	32.9	329.0
22405at4891	0	26.4	264.0
38977at4891	0	13.4870233481	107
23355at4891	0	16.6	166.0
19196at4891	0	27.8	278.0
11326at4891	0	29.9	299.0
36316at4891	0	6.3	63.0
10313at4891	0	38.8	388.0
21155at4891	0	28.4	284.0
0at4891	0	506.634904799	3303
13866at4891	0	32.7	327.0
17473at4891	0	26.5	265.0
21615at4891	0	17.6	176.0
10099at4891	0	46.4607748924	387
5188at4891	0	47.366008613	443
18994at4891	0	30.5	305.0
5639at4891	0	84.1	841.0
26743at4891	0	24.9587623856	225
3174at4891	0	73.2	732.0
12680at4891	0	24.8	248.0
9903at4891	0	29.1	291.0
34901at4891	0	22.4	224.0
32582at4891	0	14.0	140.0
33343at4891	0	19.9786858257	140
32519at4891	0	17.5	175.0
23976at4891	0	19.0	190.0
20464at4891	0	37.4092469102	336
34011at4891	0	18.4	184.0
28258at4891	0	16.4867783284	136
40312at4891	0	10.9	109.0
15100at4891	0	78.6255052157	576
32146at4891	0	18.1419523421	171
35656at4891	0	12.4	124.0
23at4891	0	213.6	2136.0
365at4891	0	145.5	1455.0
22345at4891	0	65.4545239511	399
33224at4891	0	12.9	129.0
18805at4891	0	36.5935811673	222
32155at4891	0	46.2862713283	259
3044at4891	0	59.4873065269	404
24124at4891	0	28.0269426256	242
36168at4891	0	21.2	212.0
12980at4891	0	31.1	311.0
9718at4891	0	44.0	440.0
11696at4891	0	38.2	382.0
30441at4891	0	13.2	132.0
8353at4891	0	43.9	439.0
4369at4891	0	48.2	482.0
39238at4891	0	11.7	117.0
25172at4891	0	23.9	239.0
40108at4891	0	22.0	220.0
19967at4891	0	43.7820441207	300
6164at4891	0	39.2	392.0
35904at4891	0	19.0433525242	125
30941at4891	0	43.1890700832	253
21579at4891	0	23.8	238.0
35210at4891	0	77.9513118398	485
31733at4891	0	36.9562941681	272
41996at4891	0	5.1	51.0
3806at4891	0	41.6	416.0
9061at4891	0	41.9	419.0
15766at4891	0	28.7	287.0
8253at4891	0	114.69954649	809
6418at4891	0	37.5167120656	313
13648at4891	0	33.5	335.0
27320at4891	0	38.0797796436	368
11902at4891	0	42.8140336386	228
22073at4891	0	22.5	225.0
16016at4891	0	32.9	329.0
4598at4891	0	51.4	514.0
8222at4891	0	43.8	438.0
13634at4891	0	34.2	342.0
12584at4891	0	57.6	576.0
1865at4891	0	93.0	930.0
13326at4891	0	37.0	370.0
3316at4891	0	78.0	780.0
962at4891	0	80.1	801.0
6409at4891	0	53.8	538.0
8291at4891	0	43.4966907392	408
1803at4891	0	74.8	748.0
15997at4891	0	67.1914080212	456
652at4891	0	87.9	879.0
5851at4891	0	55.2	552.0
33117at4891	0	12.4	124.0
3397at4891	0	57.3	573.0
24073at4891	0	25.7	257.0
1038at4891	0	66.9981999968	663
16954at4891	0	28.2	282.0
13656at4891	0	32.7	327.0
6789at4891	0	37.5	375.0
4918at4891	0	71.9	719.0
34813at4891	0	13.0933732896	129
35216at4891	0	12.0	120.0
2548at4891	0	77.8	778.0
6624at4891	0	42.9	429.0
9668at4891	0	37.1	371.0
15581at4891	0	28.0	280.0
7600at4891	0	37.7	377.0
35787at4891	0	18.599867949	160
39885at4891	0	8.5	85.0
24643at4891	0	22.1	221.0
6544at4891	0	38.7	387.0
4428at4891	0	47.3	473.0
28785at4891	0	19.9233486096	191
8380at4891	0	61.5891046985	359
10194at4891	0	42.2590594797	393
29747at4891	0	32.3	323.0
31434at4891	0	34.4611465819	201
471at4891	0	98.4	984.0
40035at4891	0	11.9	119.0
16535at4891	0	35.2	352.0
5495at4891	0	92.8259973794	754
24320at4891	0	24.3	243.0
8708at4891	0	44.0	440.0
21922at4891	0	21.6	216.0
14902at4891	0	28.2	282.0
15707at4891	0	36.2	362.0
21992at4891	0	30.2939835379	209
4310at4891	0	74.6737393293	573
39848at4891	0	11.8	118.0
26808at4891	0	15.8	158.0
21621at4891	0	24.0	240.0
8437at4891	0	72.9134142361	654
37011at4891	0	29.8538898109	202
8562at4891	0	54.6	546.0
5756at4891	0	84.2536025909	516
8231at4891	0	48.3	483.0
2180at4891	0	80.3635893376	754
9605at4891	0	38.4	384.0
32270at4891	0	23.1041731491	188
17547at4891	0	25.0	250.0
27342at4891	0	18.9	189.0
23077at4891	0	22.6594191312	182
6566at4891	0	51.9	519.0
32137at4891	0	24.9	249.0
10591at4891	0	41.6	416.0
170at4891	0	158.3	1583.0
25615at4891	0	21.3958021789	206
30714at4891	0	18.3	183.0
5523at4891	0	78.3	783.0
1497at4891	0	108.5	1085.0
5443at4891	0	41.9	419.0
7896at4891	0	42.9	429.0
35117at4891	0	12.7959188937	127
17869at4891	0	32.6	326.0
21145at4891	0	29.7	297.0
18553at4891	0	31.7	317.0
41799at4891	0	7.4	74.0
30033at4891	0	19.2	192.0
22040at4891	0	29.6993948432	293
36350at4891	0	11.3	113.0
7364at4891	0	66.8	668.0
11823at4891	0	33.7	337.0
26895at4891	0	22.2	222.0
11530at4891	0	35.5	355.0
7925at4891	0	37.4	374.0
29886at4891	0	39.1924473327	272
28165at4891	0	37.6711643498	360
7920at4891	0	37.9	379.0
10743at4891	0	59.3889051752	469
26588at4891	0	18.9	189.0
38648at4891	0	12.1247479536	114
6151at4891	0	54.6	546.0
10256at4891	0	36.5	365.0
31052at4891	0	17.6357274275	142
31115at4891	0	13.9932985701	133
6172at4891	0	47.4	474.0
29455at4891	0	14.6	146.0
33577at4891	0	40.1	401.0
12175at4891	0	47.0	470.0
7956at4891	0	37.6	376.0
38748at4891	0	17.6	176.0
39072at4891	0	10.4	104.0
5371at4891	0	27.1	271.0
36407at4891	0	45.3	453.0
25101at4891	0	21.5	215.0
36716at4891	0	13.0	130.0
19275at4891	0	26.1	261.0
24095at4891	0	52.469835178	364
3223at4891	0	47.1	471.0
3190at4891	0	132.051460076	559
10649at4891	0	32.0	320.0
9609at4891	0	46.8	468.0
3385at4891	0	48.7	487.0
36627at4891	0	11.9	119.0
29601at4891	0	43.5663189189	223
6753at4891	0	40.2	402.0
22375at4891	0	35.1	351.0
26145at4891	0	16.3	163.0
5148at4891	0	43.4	434.0
32845at4891	0	17.3875535238	129
26458at4891	0	15.2	152.0
1088at4891	0	81.9	819.0
14122at4891	0	41.6120088349	410
19696at4891	0	32.7741548362	293
12450at4891	0	25.8	258.0
11568at4891	0	26.1	261.0
24098at4891	0	26.5	265.0
7208at4891	0	32.8	328.0
6044at4891	0	56.7	567.0
38560at4891	0	8.2	82.0
27141at4891	0	29.8586580318	208
4373at4891	0	73.9	739.0
3404at4891	0	46.6531209956	394
13859at4891	0	71.3	713.0
33993at4891	0	10.4	104.0
20893at4891	0	28.6	286.0
7349at4891	0	76.4406741203	474
30515at4891	0	14.8229524561	142
10963at4891	0	31.1	311.0
960at4891	0	90.6	906.0
17192at4891	0	40.7	407.0
35504at4891	0	11.9	119.0
3494at4891	0	36.1	361.0
35139at4891	0	11.2	112.0
14055at4891	0	26.8	268.0
35669at4891	0	12.6	126.0
35513at4891	0	10.7	107.0
21470at4891	0	21.5	215.0
2534at4891	0	65.0	650.0
30423at4891	0	42.2	422.0
18882at4891	0	28.7300075415	271
145at4891	0	124.7	1247.0
12256at4891	0	62.5	625.0
16464at4891	0	63.5152548433	524
7030at4891	0	60.3	603.0
19731at4891	0	28.0	280.0
9767at4891	0	49.7145165711	339
40316at4891	0	7.7	77.0
39494at4891	0	11.3	113.0
9420at4891	0	36.9	369.0
25937at4891	0	20.7	207.0
38821at4891	0	11.3	113.0
19942at4891	0	44.8777579419	352
29735at4891	0	14.2	142.0
2053at4891	0	63.2	632.0
23723at4891	0	20.3	203.0
23392at4891	0	23.8905737256	233
39520at4891	0	9.4	94.0
17074at4891	0	29.5	295.0
2040at4891	0	94.3785538356	695
3764at4891	0	61.4	614.0
7446at4891	0	46.2	462.0
33220at4891	0	10.2	102.0
20202at4891	0	27.5	275.0
34113at4891	0	52.8056748678	355
29887at4891	0	21.4	214.0
17516at4891	0	26.4	264.0
5651at4891	0	39.1	391.0
28982at4891	0	21.4	214.0
33197at4891	0	14.0	140.0
25563at4891	0	23.4	234.0
37231at4891	0	15.1334432069	149
17898at4891	0	41.0762982838	284
41431at4891	0	31.6482896378	140
27291at4891	0	24.1	241.0
26272at4891	0	17.1	171.0
15960at4891	0	26.0	260.0
11876at4891	0	34.4	344.0
35318at4891	0	9.9	99.0
29574at4891	0	20.5298552103	183
23197at4891	0	19.9597986305	199
5557at4891	0	37.7	377.0
569at4891	0	85.6	856.0
31398at4891	0	13.5	135.0
31636at4891	0	14.9	149.0
35760at4891	0	12.5	125.0
2052at4891	0	96.9919248692	929
25236at4891	0	20.0	200.0
36839at4891	0	62.7828046168	265
14710at4891	0	39.2	392.0
1495at4891	0	68.5	685.0
17330at4891	0	22.2	222.0
18356at4891	0	21.6	216.0
5850at4891	0	38.9	389.0
2432at4891	0	63.5	635.0
4400at4891	0	58.7	587.0
16713at4891	0	30.9	309.0
4484at4891	0	50.6	506.0
34291at4891	0	15.9	159.0
15496at4891	0	37.3	373.0
4326at4891	0	70.0	700.0
7086at4891	0	30.6	306.0
30597at4891	0	14.8	148.0
9457at4891	0	72.3352791218	498
1625at4891	0	76.1	761.0
7523at4891	0	61.7956177927	533
6448at4891	0	43.6	436.0
6364at4891	0	57.8663554038	526
6506at4891	0	54.3	543.0
6820at4891	0	42.0	420.0
20191at4891	0	20.4	204.0
1609at4891	0	112.364635307	998
26689at4891	0	24.6	246.0
33646at4891	0	23.1	231.0
21766at4891	0	23.6	236.0
23380at4891	0	22.3	223.0
2008at4891	0	65.3	653.0
6637at4891	0	43.5	435.0
16163at4891	0	30.1	301.0
18264at4891	0	27.4	274.0
14335at4891	0	36.3	363.0
28709at4891	0	17.4	174.0
4561at4891	0	58.4	584.0
1452at4891	0	86.4	864.0
20333at4891	0	28.9	289.0
29170at4891	0	14.8	148.0
1597at4891	0	71.1	711.0
9633at4891	0	41.7	417.0
26792at4891	0	16.2	162.0
33683at4891	0	22.1754754236	154
4037at4891	0	44.1	441.0
3484at4891	0	63.6	636.0
1483at4891	0	64.5280524233	569
33025at4891	0	19.1	191.0
38822at4891	0	22.0943749291	115
6961at4891	0	70.4	704.0
20595at4891	0	26.5	265.0
35907at4891	0	37.6	376.0
23747at4891	0	28.2207671648	210
6641at4891	0	112.910047574	618
32012at4891	0	19.2	192.0
31397at4891	0	13.4	134.0
9039at4891	0	35.4	354.0
5815at4891	0	53.0	530.0
23784at4891	0	16.9	169.0
21467at4891	0	23.2	232.0
24421at4891	0	17.2	172.0
21678at4891	0	24.9546471507	189
13721at4891	0	33.7	337.0
23265at4891	0	34.4	344.0
31067at4891	0	26.6162761659	238
31569at4891	0	12.7	127.0
34235at4891	0	13.6	136.0
23739at4891	0	20.0996010852	113
6891at4891	0	48.5	485.0
12111at4891	0	30.1	301.0
2851at4891	0	60.2	602.0
15442at4891	0	34.3	343.0
2456at4891	0	52.5	525.0
12732at4891	0	32.1604202643	306
630at4891	0	142.068888652	1281
39786at4891	0	8.1	81.0
11851at4891	0	57.5517053853	465
19965at4891	0	27.4	274.0
28415at4891	0	25.1467003648	195
11350at4891	0	79.0636427668	535
18118at4891	0	50.9434293897	253
21089at4891	0	55.2	552.0
1653at4891	0	63.5	635.0
31961at4891	0	20.7	207.0
25673at4891	0	31.9853883593	254
31218at4891	0	21.7	217.0
7579at4891	0	44.7	447.0
33503at4891	0	28.5681788896	182
6917at4891	0	45.0	450.0
2754at4891	0	54.0	540.0
34449at4891	0	21.4	214.0
2167at4891	0	74.1	741.0
3680at4891	0	50.6	506.0
8023at4891	0	45.7	457.0
31700at4891	0	12.9	129.0
18523at4891	0	30.8	308.0
7758at4891	0	39.5	395.0
5791at4891	0	44.7	447.0
1186at4891	0	87.3	873.0
39485at4891	0	9.8	98.0
26448at4891	0	48.4	484.0
15876at4891	0	43.7173297915	312
19758at4891	0	23.9	239.0
31659at4891	0	21.9	219.0
36650at4891	0	9.3	93.0
23386at4891	0	28.7457822993	213
2485at4891	0	59.5	595.0
28787at4891	0	21.2	212.0
707at4891	0	44.0096355274	266
5966at4891	0	42.2	422.0
4850at4891	0	49.6	496.0
28495at4891	0	29.1	291.0
30313at4891	0	25.6	256.0
7923at4891	0	32.9	329.0
9897at4891	0	44.3	443.0
27435at4891	0	17.5	175.0
35082at4891	0	20.0	200.0
519at4891	0	193.175478357	1711
22104at4891	0	47.2	472.0
11037at4891	0	36.0	360.0
27339at4891	0	16.6	166.0
26394at4891	0	39.8808114612	257
32000at4891	0	15.0	150.0
6558at4891	0	79.8202185401	499
26130at4891	0	25.7	257.0
24120at4891	0	16.7	167.0
33317at4891	0	26.7273386373	208
19774at4891	0	24.8	248.0
13923at4891	0	26.8	268.0
19393at4891	0	34.0	340.0
10332at4891	0	48.0111923888	436
33522at4891	0	12.3	123.0
14212at4891	0	31.2	312.0
37677at4891	0	13.8	138.0
13973at4891	0	29.0	290.0
38710at4891	0	7.7	77.0
1378at4891	0	82.8	828.0
16849at4891	0	27.7529462832	252
34531at4891	0	16.3	163.0
27209at4891	0	46.0	460.0
7201at4891	0	30.8	308.0
1807at4891	0	81.1399347363	597
17826at4891	0	31.2	312.0
5053at4891	0	61.3	613.0
25269at4891	0	17.7	177.0
1372at4891	0	88.5	885.0
29021at4891	0	16.1	161.0
37443at4891	0	23.3467950054	233
39731at4891	0	10.2	102.0
28089at4891	0	28.8	288.0
26633at4891	0	22.2507171663	174
28463at4891	0	17.1490235585	138
4022at4891	0	35.6	356.0
9267at4891	0	38.4	384.0
14024at4891	0	37.7	377.0
37540at4891	0	28.8	288.0
16921at4891	0	49.7832547765	220
40855at4891	0	16.0	160.0
7296at4891	0	42.8	428.0
38697at4891	0	23.0	230.0
11978at4891	0	40.3	403.0
25170at4891	0	34.8	348.0
35823at4891	0	11.7094616285	99
27915at4891	0	40.2897091393	376
32235at4891	0	17.5	175.0
37075at4891	0	16.1858021896	148
31408at4891	0	16.9	169.0
36239at4891	0	27.985760967	213
28849at4891	0	26.7	267.0
21260at4891	0	32.2782469737	309
38969at4891	0	9.0	90.0
26165at4891	0	22.7	227.0
34069at4891	0	16.0	160.0
15588at4891	0	24.7	247.0
24271at4891	0	29.3	293.0
5096at4891	0	50.9	509.0
32508at4891	0	15.7	157.0
16618at4891	0	82.9	829.0
19416at4891	0	23.6660384761	207
16482at4891	0	31.2	312.0
8998at4891	0	29.3	293.0
21707at4891	0	49.3561931556	314
12973at4891	0	35.3	353.0
9784at4891	0	37.0	370.0
29145at4891	0	23.9056441988	195
8274at4891	0	44.2	442.0
12169at4891	0	48.6	486.0
3320at4891	0	96.1	961.0
3824at4891	0	58.4	584.0
23913at4891	0	27.2	272.0
14594at4891	0	26.6	266.0
6539at4891	0	43.7	437.0
9846at4891	0	39.5	395.0
18954at4891	0	30.2046702558	232
15589at4891	0	28.1	281.0
18035at4891	0	44.7229522139	350
11034at4891	0	32.2	322.0
23973at4891	0	17.6	176.0
2515at4891	0	62.7	627.0
4036at4891	0	62.1139406383	450
1774at4891	0	67.7	677.0
22342at4891	0	65.0332692051	354
2990at4891	0	91.3713896164	567
16358at4891	0	22.3	223.0
37216at4891	0	10.0	100.0
15328at4891	0	54.3	543.0
3141at4891	0	54.3	543.0
41101at4891	0	20.9864115695	155
15557at4891	0	34.7	347.0
20998at4891	0	24.2	242.0
17005at4891	0	39.9	399.0
7917at4891	0	47.2440910674	324
419at4891	0	106.1	1061.0
5844at4891	0	46.8	468.0
21962at4891	0	24.6	246.0
16825at4891	0	38.6	386.0
25768at4891	0	21.5	215.0
30667at4891	0	19.1587272751	178
20260at4891	0	23.1	231.0
695at4891	0	89.5	895.0
1006at4891	0	88.2	882.0
27927at4891	0	19.7501095466	161
10695at4891	0	42.4	424.0
16918at4891	0	46.1	461.0
578at4891	0	93.7818865104	925
17872at4891	0	30.6552458705	275
35699at4891	0	25.0	250.0
18806at4891	0	26.1	261.0
21910at4891	0	19.5	195.0
23591at4891	0	18.2	182.0
5624at4891	0	57.2	572.0
4316at4891	0	57.1045350907	423
27845at4891	0	33.3	333.0
36885at4891	0	13.2	132.0
33397at4891	0	31.5297732067	239
3606at4891	0	54.1	541.0
13280at4891	0	108.518569839	1044
721at4891	0	85.2	852.0
38257at4891	0	25.8579766214	238
2724at4891	0	58.8	588.0
95at4891	0	176.9	1769.0
31544at4891	0	33.6	336.0
37187at4891	0	21.5	215.0
32812at4891	0	12.3	123.0
15710at4891	0	34.7251758504	313
28180at4891	0	23.4	234.0
17976at4891	0	30.0	300.0
33557at4891	0	27.4	274.0
33075at4891	0	23.7	237.0
41866at4891	0	17.8797608556	157
9476at4891	0	46.5	465.0
31657at4891	0	12.5	125.0
32475at4891	0	57.4230261633	230
21019at4891	0	29.3	293.0
38164at4891	0	8.5	85.0
12502at4891	0	34.0	340.0
1936at4891	0	58.4	584.0
23029at4891	0	23.3	233.0
25948at4891	0	16.8	168.0
2499at4891	0	69.8	698.0
25386at4891	0	18.2	182.0
37978at4891	0	9.0	90.0
3892at4891	0	58.5317128018	521
34017at4891	0	17.8	178.0
26134at4891	0	49.3	493.0
8285at4891	0	45.8	458.0
4281at4891	0	52.9	529.0
93at4891	0	155.4	1554.0
14133at4891	0	54.4	544.0
25281at4891	0	22.4	224.0
24928at4891	0	23.5	235.0
9513at4891	0	44.6	446.0
28105at4891	0	18.3543480559	161
32220at4891	0	14.0	140.0
38279at4891	0	12.6043890788	76
18808at4891	0	20.8	208.0
662at4891	0	161.094661078	865
33429at4891	0	17.4	174.0
40449at4891	0	8.1	81.0
38355at4891	0	16.0	160.0
19854at4891	0	30.3	303.0
20201at4891	0	23.6	236.0
31256at4891	0	12.8	128.0
32238at4891	0	19.5	195.0
18616at4891	0	35.7	357.0
31360at4891	0	25.7317528077	195
28331at4891	0	15.4	154.0
21543at4891	0	17.5	175.0
17147at4891	0	36.1	361.0
31321at4891	0	13.5	135.0
32745at4891	0	30.0448797578	158
38461at4891	0	12.3	123.0
18829at4891	0	29.1	291.0
40036at4891	0	22.3	223.0
9096at4891	0	41.2	412.0
4356at4891	0	50.7	507.0
2413at4891	0	40.7	407.0
6336at4891	0	47.0	470.0
27981at4891	0	17.1	171.0
4591at4891	0	75.8	758.0
26222at4891	0	48.2	482.0
2611at4891	0	73.5	735.0
20197at4891	0	23.8	238.0
1655at4891	0	70.3	703.0
3845at4891	0	71.5	715.0
31994at4891	0	11.5	115.0
693at4891	0	85.3	853.0
4263at4891	0	70.7680973575	547
10872at4891	0	41.2	412.0
16845at4891	0	28.9	289.0
4609at4891	0	65.2	652.0
39582at4891	0	11.3	113.0
30603at4891	0	16.2	162.0
42at4891	0	178.5	1785.0
9223at4891	0	43.1	431.0
31692at4891	0	17.6	176.0
8344at4891	0	65.8857718442	379
10497at4891	0	41.0509066969	317
23175at4891	0	21.5	215.0
21612at4891	0	43.9906374085	307
13347at4891	0	29.0	290.0
42720at4891	0	12.7	127.0
33356at4891	0	16.7	167.0
25196at4891	0	43.9	439.0
14235at4891	0	84.6942876483	332
29936at4891	0	25.0	250.0
13964at4891	0	47.7	477.0
27570at4891	0	19.8	198.0
32823at4891	0	9.6	96.0
6788at4891	0	40.5	405.0
25254at4891	0	26.2	262.0
18790at4891	0	32.2	322.0
32367at4891	0	14.5	145.0
38055at4891	0	18.5	185.0
24646at4891	0	23.4	234.0
40331at4891	0	8.5	85.0
31879at4891	0	17.1	171.0
22884at4891	0	31.1	311.0
30348at4891	0	20.2583096886	164
32986at4891	0	36.2268727094	201
7966at4891	0	38.1	381.0
5755at4891	0	54.8	548.0
22293at4891	0	23.5	235.0
26056at4891	0	20.6	206.0
12349at4891	0	26.0	260.0
16929at4891	0	24.7	247.0
20242at4891	0	30.7	307.0
36796at4891	0	17.6637767482	108
22221at4891	0	18.4744771592	139
30413at4891	0	38.5654510422	177
37274at4891	0	10.8	108.0
30090at4891	0	20.5	205.0
29504at4891	0	16.50003549	126
4466at4891	0	932.920857567	2486
39270at4891	0	26.1660384739	144
30675at4891	0	30.6686123373	178
18141at4891	0	41.2013626073	317
34294at4891	0	32.2643008705	125
4402at4891	0	52.4913480644	445
746at4891	0	88.5868027509	730
26336at4891	0	16.6	166.0
21160at4891	0	24.0	240.0
9294at4891	0	37.8	378.0
20285at4891	0	33.0	330.0
24559at4891	0	26.6354637265	201
245at4891	0	137.6	1376.0
1266at4891	0	78.5	785.0
14584at4891	0	28.9	289.0
26018at4891	0	17.3	173.0
12956at4891	0	89.647864206	564
28396at4891	0	24.0105232185	239
30149at4891	0	17.8	178.0
21450at4891	0	18.2	182.0
41587at4891	0	17.9	179.0
7009at4891	0	56.4	564.0
10626at4891	0	44.5	445.0
36258at4891	0	10.0	100.0
9466at4891	0	39.3	393.0
22775at4891	0	26.1	261.0
29650at4891	0	23.1	231.0
14832at4891	0	39.3	393.0
28907at4891	0	26.1	261.0
31342at4891	0	12.9577750307	114
22516at4891	0	24.6	246.0
3853at4891	0	83.2	832.0
39894at4891	0	14.4278026977	85
16576at4891	0	25.1	251.0
37906at4891	0	50.6240967509	329
32712at4891	0	20.8209189034	159
22450at4891	0	26.8	268.0
13102at4891	0	32.6	326.0
16809at4891	0	25.5	255.0
22637at4891	0	31.1	311.0
26399at4891	0	137.936866101	702
36529at4891	0	16.1	161.0
3395at4891	0	40.8	408.0
8084at4891	0	60.2171279946	512
24892at4891	0	47.9	479.0
20735at4891	0	24.6686572416	206
28314at4891	0	27.9971752494	174
40576at4891	0	22.9080910772	162
31855at4891	0	41.3210460084	227
21022at4891	0	18.1	181.0
7410at4891	0	44.6990264085	406
24143at4891	0	26.1	261.0
4322at4891	0	88.7659134318	677
30691at4891	0	12.5	125.0
22645at4891	0	40.3878455748	319
29906at4891	0	14.8	148.0
8224at4891	0	41.4	414.0
40701at4891	0	11.0	110.0
21169at4891	0	31.4344260141	256
23912at4891	0	20.0	200.0
27389at4891	0	17.9	179.0
27769at4891	0	14.8	148.0
39612at4891	0	16.818855878	124
40564at4891	0	10.7	107.0
9757at4891	0	62.7	627.0
10861at4891	0	60.748599002	402
13757at4891	0	54.2	542.0
11107at4891	0	33.3	333.0
40770at4891	0	24.0805626796	141
32898at4891	0	15.3	153.0
19456at4891	0	29.6	296.0
12635at4891	0	46.1	461.0
29552at4891	0	17.4	174.0
25195at4891	0	23.4	234.0
13320at4891	0	28.7	287.0
10618at4891	0	26.7	267.0
16924at4891	0	28.9	289.0
16975at4891	0	28.2	282.0
3331at4891	0	63.3	633.0
35062at4891	0	10.1	101.0
35584at4891	0	11.4	114.0
12684at4891	0	39.9	399.0
36787at4891	0	9.4	94.0
6249at4891	0	44.0	440.0
38019at4891	0	26.1721870687	208
6748at4891	0	43.6	436.0
5879at4891	0	53.8	538.0
8596at4891	0	32.7	327.0
36186at4891	0	24.3124636845	241
35426at4891	0	22.9044863617	148
15470at4891	0	28.6	286.0
14580at4891	0	28.9	289.0
3773at4891	0	49.9	499.0
30846at4891	0	16.0	160.0
6010at4891	0	103.284610005	598
12541at4891	0	38.6	386.0
29978at4891	0	17.9	179.0
14766at4891	0	26.2	262.0
2862at4891	0	69.1	691.0
18807at4891	0	26.5	265.0
28072at4891	0	28.4959804341	279
20755at4891	0	22.5	225.0
24240at4891	0	18.8	188.0
13806at4891	0	63.12515416	468
25824at4891	0	18.7	187.0
5823at4891	0	52.6	526.0
722at4891	0	97.1	971.0
12560at4891	0	37.4	374.0
30370at4891	0	11.4	114.0
30599at4891	0	16.6	166.0
31633at4891	0	13.6	136.0
19532at4891	0	44.4072978112	381
36248at4891	0	9.6	96.0
41036at4891	0	10.5389448323	97
29089at4891	0	12.6	126.0
36573at4891	0	8.7	87.0
6439at4891	0	48.6	486.0
6549at4891	0	33.4	334.0
16056at4891	0	158.944208984	894
36033at4891	0	27.9	279.0
27370at4891	0	60.7648558121	427
29286at4891	0	28.8398734789	192
4259at4891	0	65.0	650.0
12487at4891	0	30.7	307.0
469at4891	0	100.2	1002.0
39975at4891	0	8.91650945083	85
38146at4891	0	6.7	67.0
24621at4891	0	28.1	281.0
32901at4891	0	30.6	306.0
8471at4891	0	33.0	330.0
17410at4891	0	25.1	251.0
39538at4891	0	5.9	59.0
17339at4891	0	19.4	194.0
17318at4891	0	77.5057077694	508
22821at4891	0	21.7	217.0
22352at4891	0	55.3	553.0
9322at4891	0	41.0	410.0
1243at4891	0	82.4	824.0
36821at4891	0	11.7	117.0
39295at4891	0	40.6471984605	318
26789at4891	0	24.8	248.0
30524at4891	0	21.6	216.0
14574at4891	0	54.0	540.0
11940at4891	0	50.2	502.0
1642at4891	0	90.7469772989	536
8487at4891	0	42.5483867778	334
33718at4891	0	7.7	77.0
38555at4891	0	8.3	83.0
19016at4891	0	30.9	309.0
4082at4891	0	70.3	703.0
3426at4891	0	46.6	466.0
34037at4891	0	14.8	148.0
30088at4891	0	35.5	355.0
24461at4891	0	21.9	219.0
1011at4891	0	96.0	960.0
27755at4891	0	17.8	178.0
30857at4891	0	16.2	162.0
39726at4891	0	8.3	83.0
300at4891	0	90.7	907.0
20323at4891	0	23.9	239.0
17077at4891	0	26.5	265.0
5710at4891	0	53.2	532.0
13029at4891	0	41.8	418.0
32346at4891	0	24.3	243.0
33004at4891	0	39.7885537436	313
35506at4891	0	10.5373872322	95
10684at4891	0	35.9	359.0
9922at4891	0	27.526229915	198
33351at4891	0	16.6	166.0
17889at4891	0	28.0	280.0
845at4891	0	103.477510058	978
32761at4891	0	30.7	307.0
7092at4891	0	44.5	445.0
5986at4891	0	38.7	387.0
24207at4891	0	15.8402156687	143
39392at4891	0	9.4	94.0
39593at4891	0	17.3707993996	108
6800at4891	0	66.7	667.0
21940at4891	0	33.3	333.0
8686at4891	0	34.0	340.0
2138at4891	0	48.4	484.0
11379at4891	0	78.982572511	500
27561at4891	0	32.1	321.0
24230at4891	0	34.8	348.0
28690at4891	0	16.4	164.0
8466at4891	0	45.433977128	407
14247at4891	0	31.5	315.0
17406at4891	0	24.5	245.0
8543at4891	0	74.2594720503	709
22313at4891	0	25.1	251.0
16399at4891	0	28.0	280.0
16176at4891	0	27.6	276.0
34824at4891	0	7.5	75.0
33809at4891	0	11.5	115.0
12717at4891	0	31.1	311.0
1391at4891	0	115.1	1151.0
14380at4891	0	31.0	310.0
30662at4891	0	10.8	108.0
12947at4891	0	30.9	309.0
17912at4891	0	29.4	294.0
13106at4891	0	32.6	326.0
15516at4891	0	30.8	308.0
15839at4891	0	41.6	416.0
28217at4891	0	20.7	207.0
39993at4891	0	9.99498839222	83
9921at4891	0	38.1	381.0
25713at4891	0	21.4	214.0
34512at4891	0	13.1	131.0
17759at4891	0	19.7	197.0
35328at4891	0	9.6	96.0
1906at4891	0	64.4	644.0
38792at4891	0	10.9	109.0
9152at4891	0	44.0	440.0
32172at4891	0	17.8	178.0
32081at4891	0	24.7	247.0
12225at4891	0	76.7	767.0
10646at4891	0	33.2	332.0
24838at4891	0	25.5	255.0
22380at4891	0	64.0294688977	457
37574at4891	0	24.4099226612	244
15475at4891	0	24.7	247.0
8584at4891	0	31.0	310.0
13235at4891	0	32.4	324.0
15697at4891	0	37.3749073874	182
27048at4891	0	30.5	305.0
40342at4891	0	10.6507006599	104
42234at4891	0	9.0	90.0
10279at4891	0	41.9	419.0
7982at4891	0	66.5	665.0
515at4891	0	101.559397305	948
13507at4891	0	25.2	252.0
30295at4891	0	14.4	144.0
40497at4891	0	10.5	105.0
6658at4891	0	76.7778319903	584
26506at4891	0	14.5	145.0
13862at4891	0	53.6594298741	427
8044at4891	0	38.9	389.0
28784at4891	0	22.1	221.0
25295at4891	0	18.2609990793	170
27496at4891	0	18.8	188.0
28953at4891	0	23.7592243238	185
39098at4891	0	25.5241578035	198
27724at4891	0	25.7	257.0
2373at4891	0	43.0	430.0
12728at4891	0	37.3	373.0
35459at4891	0	10.7	107.0
22419at4891	0	27.9	279.0
31405at4891	0	11.1	111.0
11184at4891	0	40.3	403.0
30029at4891	0	15.6	156.0
17919at4891	0	28.9	289.0
25148at4891	0	21.3	213.0
32213at4891	0	14.9	149.0
35478at4891	0	16.4	164.0
34470at4891	0	15.0	150.0
31722at4891	0	25.718728059	226
25396at4891	0	20.9784788909	177
8010at4891	0	39.6	396.0
2793at4891	0	57.1	571.0
2020at4891	0	84.8	848.0
27753at4891	0	34.9	349.0
20608at4891	0	24.1	241.0
20778at4891	0	26.8	268.0
34763at4891	0	11.8	118.0
21428at4891	0	56.0	560.0
40039at4891	0	19.8707138408	140
31701at4891	0	14.1793149684	141
18405at4891	0	25.6	256.0
19226at4891	0	25.8	258.0
18919at4891	0	30.4	304.0
30371at4891	0	33.5636628171	221
27703at4891	0	14.0	140.0
22807at4891	0	21.5	215.0
10719at4891	0	41.9960290936	254
2893at4891	0	82.4	824.0
631at4891	0	93.1	931.0
85at4891	0	234.371059462	1810
25808at4891	0	17.0	170.0
1760at4891	0	59.6	596.0
9258at4891	0	60.8	608.0
24305at4891	0	62.3	623.0
14562at4891	0	47.4882639319	380
7011at4891	0	41.2	412.0
2307at4891	0	66.0	660.0
28641at4891	0	17.6	176.0
19258at4891	0	23.6	236.0
13820at4891	0	29.7	297.0
5926at4891	0	43.7	437.0
23894at4891	0	25.7	257.0
34458at4891	0	8.7	87.0
15088at4891	0	37.7	377.0
11745at4891	0	32.3	323.0
23635at4891	0	20.1	201.0
13259at4891	0	72.7	727.0
11039at4891	0	28.3	283.0
20382at4891	0	30.5	305.0
5563at4891	0	48.0	480.0
11444at4891	0	38.0	380.0
25329at4891	0	54.7461848665	400
18887at4891	0	33.6	336.0
18913at4891	0	32.4	324.0
28468at4891	0	32.3859020477	182
6915at4891	0	49.0	490.0
32228at4891	0	16.5	165.0
25079at4891	0	17.2	172.0
12347at4891	0	60.5	605.0
37332at4891	0	16.9163775145	103
17189at4891	0	38.9	389.0
6552at4891	0	89.7602997071	465
11469at4891	0	31.0	310.0
17785at4891	0	35.0	350.0
23340at4891	0	33.0550907212	219
7127at4891	0	33.590225847	319
25646at4891	0	21.8	218.0
2161at4891	0	69.4	694.0
32329at4891	0	18.6	186.0
32341at4891	0	23.676859678	200
10341at4891	0	54.3272538291	516
11625at4891	0	32.5	325.0
2048at4891	0	86.7	867.0
23884at4891	0	22.2	222.0
10608at4891	0	33.9	339.0
22615at4891	0	20.8	208.0
37378at4891	0	12.2	122.0
730at4891	0	85.1	851.0
5534at4891	0	52.4905070037	410
16157at4891	0	26.0	260.0
28032at4891	0	43.2184060128	357
33763at4891	0	8.7	87.0
35165at4891	0	13.6	136.0
33122at4891	0	11.9	119.0
14147at4891	0	32.4	324.0
1970at4891	0	43.2	432.0
27940at4891	0	18.0	180.0
20734at4891	0	25.5	255.0
26005at4891	0	20.7	207.0
24398at4891	0	42.1	421.0
14625at4891	0	26.3709935013	184
37840at4891	0	14.4	144.0
32005at4891	0	13.5	135.0
17604at4891	0	28.0	280.0
13909at4891	0	37.7	377.0
5475at4891	0	53.6	536.0
39065at4891	0	6.1	61.0
8903at4891	0	41.0	410.0
29630at4891	0	15.2	152.0
23253at4891	0	31.3	313.0
38465at4891	0	12.1304162307	68
10854at4891	0	32.3	323.0
29332at4891	0	18.2	182.0
1120at4891	0	91.698520919	789
16106at4891	0	26.0	260.0
23699at4891	0	29.1215223342	241
414at4891	0	120.4	1204.0
8134at4891	0	66.3	663.0
30446at4891	0	15.6	156.0
4348at4891	0	65.1223238061	478
37889at4891	0	15.5920144783	133
38051at4891	0	9.4	94.0
39983at4891	0	8.4	84.0
22236at4891	0	34.3989681387	300
23339at4891	0	33.9	339.0
29963at4891	0	55.4	554.0
31476at4891	0	15.8	158.0
16297at4891	0	36.8	368.0
3049at4891	0	62.1	621.0
21732at4891	0	25.0	250.0
4206at4891	0	74.2	742.0
2368at4891	0	71.5	715.0
11780at4891	0	31.2	312.0
41774at4891	0	9.3	93.0
29329at4891	0	13.3	133.0
26725at4891	0	15.5	155.0
11365at4891	0	38.2060962452	269
14015at4891	0	23.6	236.0
16151at4891	0	45.4	454.0
20960at4891	0	25.7	257.0
23089at4891	0	26.5	265.0
369at4891	0	102.55163147	948
12469at4891	0	38.5	385.0
12837at4891	0	35.4	354.0
32856at4891	0	20.039561945	187
35950at4891	0	17.2	172.0
4279at4891	0	53.4882390037	393
5847at4891	0	34.1	341.0
31995at4891	0	15.1	151.0
28717at4891	0	21.9	219.0
21752at4891	0	22.5	225.0
12562at4891	0	41.3	413.0
34514at4891	0	11.1	111.0
4545at4891	0	73.6	736.0
29515at4891	0	19.9	199.0
7031at4891	0	66.0	660.0
38727at4891	0	8.1	81.0
28379at4891	0	17.9	179.0
28029at4891	0	15.5	155.0
6740at4891	0	90.8	908.0
4490at4891	0	53.4	534.0
30706at4891	0	18.4	184.0
1221at4891	0	75.6	756.0
29876at4891	0	16.3	163.0
4350at4891	0	67.5	675.0
18042at4891	0	29.4	294.0
26624at4891	0	20.6	206.0
39556at4891	0	13.8	138.0
23560at4891	0	61.0686572711	355
26542at4891	0	21.4	214.0
26329at4891	0	27.0	270.0
10450at4891	0	48.3	483.0
2618at4891	0	86.0	860.0
443at4891	0	83.1	831.0
13776at4891	0	40.0	400.0
33842at4891	0	21.7	217.0
21604at4891	0	36.4	364.0
38816at4891	0	20.8373146881	125
26931at4891	0	26.0585710047	180
22833at4891	0	32.5245364738	235
34138at4891	0	17.5	175.0
34839at4891	0	18.3098915573	140
16722at4891	0	30.1	301.0
5502at4891	0	65.0119240622	382
12025at4891	0	64.8675248075	415
14345at4891	0	30.4	304.0
16810at4891	0	29.1	291.0
6242at4891	0	128.512227456	436
12258at4891	0	34.6	346.0
16088at4891	0	33.7	337.0
227at4891	0	145.5	1455.0
32490at4891	0	15.8	158.0
2483at4891	0	60.6	606.0
30604at4891	0	26.3294832456	153
36328at4891	0	13.8	138.0
18437at4891	0	31.9	319.0
5280at4891	0	46.8	468.0
3088at4891	0	59.3	593.0
13807at4891	0	107.177488702	861
9995at4891	0	36.7	367.0
20921at4891	0	23.1	231.0
14486at4891	0	61.5	615.0
19057at4891	0	32.6	326.0
24034at4891	0	24.1	241.0
35771at4891	0	10.0	100.0
19373at4891	0	21.9	219.0
20173at4891	0	50.5	505.0
28579at4891	0	16.7	167.0
16010at4891	0	25.0	250.0
1491at4891	0	87.2	872.0
26885at4891	0	20.4	204.0
12332at4891	0	35.8	358.0
5905at4891	0	46.1	461.0
2784at4891	0	58.8	588.0
29276at4891	0	28.1160895708	179
20766at4891	0	28.7	287.0
4513at4891	0	68.1	681.0
34595at4891	0	16.5	165.0
455at4891	0	100.3	1003.0
9950at4891	0	40.0	400.0
40939at4891	0	10.9	109.0
4544at4891	0	62.0	620.0
15784at4891	0	32.6	326.0
31685at4891	0	16.5	165.0
28663at4891	0	31.8143055735	156
15179at4891	0	31.9	319.0
27092at4891	0	21.0	210.0
21629at4891	0	22.0103178323	156
19858at4891	0	71.1745605548	349
10670at4891	0	35.0	350.0
19545at4891	0	30.7	307.0
26297at4891	0	58.1852950431	231
20367at4891	0	29.4723752165	277
32672at4891	0	10.9	109.0
26617at4891	0	19.1	191.0
13733at4891	0	34.0	340.0
13777at4891	0	35.8	358.0
38759at4891	0	22.4595732914	194
25527at4891	0	23.5	235.0
25014at4891	0	19.3	193.0
7514at4891	0	36.0	360.0
36572at4891	0	9.2	92.0
2459at4891	0	84.6	846.0
14416at4891	0	46.7	467.0
37668at4891	0	8.7	87.0
19999at4891	0	20.6148950654	201
20461at4891	0	38.9291641904	311
17188at4891	0	35.2	352.0
38101at4891	0	11.4382898584	109
11796at4891	0	55.2193393531	298
35223at4891	0	8.3	83.0
20606at4891	0	31.5	315.0
27869at4891	0	17.3	173.0
9724at4891	0	50.7	507.0
21825at4891	0	22.6	226.0
6508at4891	0	36.0	360.0
35160at4891	0	14.7	147.0
31295at4891	0	14.4169734274	135
7263at4891	0	70.2694512192	460
40964at4891	0	17.8	178.0
28239at4891	0	24.848039917	179
32134at4891	0	20.4	204.0
15208at4891	0	35.5	355.0
19663at4891	0	35.7	357.0
5370at4891	0	41.8	418.0
22513at4891	0	23.5	235.0
9509at4891	0	40.8488527615	376
29729at4891	0	28.5	285.0
1679at4891	0	79.1	791.0
38891at4891	0	7.4	74.0
37305at4891	0	33.3885304438	180
35193at4891	0	20.2	202.0
12794at4891	0	37.1	371.0
29132at4891	0	13.6	136.0
24588at4891	0	40.1277938471	275
37133at4891	0	9.4	94.0
7589at4891	0	44.8	448.0
38422at4891	0	21.1837605316	169
21981at4891	0	28.3	283.0
24629at4891	0	22.1524656677	212
21227at4891	0	22.4	224.0
4581at4891	0	52.7	527.0
13051at4891	0	28.1	281.0
28115at4891	0	21.5	215.0
30642at4891	0	34.2	342.0
30529at4891	0	33.9073301712	249
8551at4891	0	50.4292086763	377
22190at4891	0	34.2	342.0
2706at4891	0	68.236736823	510
25050at4891	0	28.0	280.0
27535at4891	0	15.1	151.0
17426at4891	0	13.5	135.0
425at4891	0	96.9	969.0
19777at4891	0	22.8	228.0
10189at4891	0	40.8	408.0
22870at4891	0	20.9	209.0
50at4891	0	249.316868464	1725
5314at4891	0	62.2	622.0
7062at4891	0	43.1	431.0
14020at4891	0	45.7103557164	381
28227at4891	0	24.4	244.0
18893at4891	0	22.2	222.0
9680at4891	0	46.6	466.0
20539at4891	0	28.3	283.0
35877at4891	0	22.7	227.0
6427at4891	0	50.8556763776	459
20141at4891	0	26.0	260.0
14374at4891	0	26.5	265.0
18510at4891	0	24.9	249.0
2564at4891	0	78.1072328265	682
27816at4891	0	20.9	209.0
5478at4891	0	46.4369261268	460
3548at4891	0	58.5	585.0
22625at4891	0	24.1	241.0
23588at4891	0	62.4630065958	480
1667at4891	0	74.2	742.0
1627at4891	0	82.5	825.0
31429at4891	0	37.5001542635	254
17542at4891	0	33.3	333.0
6633at4891	0	46.0	460.0
7621at4891	0	39.8	398.0
10660at4891	0	72.6113667299	416
14513at4891	0	29.2	292.0
17203at4891	0	26.9	269.0
14551at4891	0	27.3	273.0
36731at4891	0	16.7	167.0
4496at4891	0	44.0	440.0
27431at4891	0	24.6411182427	177
26055at4891	0	18.2	182.0
40378at4891	0	58.0916330203	264
5457at4891	0	53.7	537.0
30572at4891	0	28.7	287.0
12044at4891	0	21.1	211.0
20074at4891	0	40.8465942961	295
20170at4891	0	35.5	355.0
18221at4891	0	30.5	305.0
12381at4891	0	30.3	303.0
4360at4891	0	46.4	464.0
24162at4891	0	53.5940592641	436
13765at4891	0	34.3	343.0
38787at4891	0	7.4	74.0
3472at4891	0	51.6	516.0
2010at4891	0	63.7	637.0
23312at4891	0	28.4	284.0
31406at4891	0	16.8	168.0
18135at4891	0	28.6	286.0
14308at4891	0	31.5	315.0
31712at4891	0	13.9	139.0
16542at4891	0	48.9	489.0
6943at4891	0	36.5	365.0
10361at4891	0	44.7802965037	336
535at4891	0	83.6	836.0
1228at4891	0	200.904612575	965
25405at4891	0	22.9555176259	203
31261at4891	0	13.3	133.0
10174at4891	0	40.9101432968	398
1547at4891	0	73.8	738.0
28996at4891	0	14.8	148.0
32529at4891	0	30.0	300.0
32004at4891	0	16.6	166.0
3981at4891	0	28.6691349407	252
21431at4891	0	48.4	484.0
11866at4891	0	48.2	482.0
23379at4891	0	18.5	185.0
3959at4891	0	87.1612128045	492
39598at4891	0	10.0	100.0
11448at4891	0	32.0	320.0
3577at4891	0	52.1	521.0
2905at4891	0	47.8	478.0
26320at4891	0	26.6444110027	227
31017at4891	0	13.6	136.0
39321at4891	0	7.2	72.0
13150at4891	0	28.2545343666	257
36968at4891	0	19.7929634848	101
6387at4891	0	45.9	459.0
20206at4891	0	19.9	199.0
35931at4891	0	11.3	113.0
28724at4891	0	20.1	201.0
25501at4891	0	37.1	371.0
13703at4891	0	36.9	369.0
31011at4891	0	23.3425032283	218
27676at4891	0	24.8	248.0
22429at4891	0	35.2	352.0
39239at4891	0	12.0	120.0
9816at4891	0	29.2	292.0
10342at4891	0	95.5	955.0
11009at4891	0	34.3	343.0
17066at4891	0	32.0111493735	279
39763at4891	0	22.8009964387	185
14069at4891	0	32.5	325.0
14503at4891	0	44.6	446.0
9821at4891	0	36.8	368.0
7059at4891	0	42.7	427.0
12254at4891	0	30.7	307.0
32984at4891	0	27.0	270.0
364at4891	0	145.153916828	1195
37625at4891	0	16.7	167.0
34109at4891	0	72.6084838395	413
2898at4891	0	63.3	633.0
40161at4891	0	6.4	64.0
8759at4891	0	29.8	298.0
10727at4891	0	41.2425909449	328
18793at4891	0	30.6	306.0
3096at4891	0	58.9461821201	543
7722at4891	0	38.3	383.0
13241at4891	0	51.6	516.0
12134at4891	0	69.1	691.0
13112at4891	0	28.8	288.0
5530at4891	0	45.1	451.0
36167at4891	0	19.6	196.0
1283at4891	0	97.5	975.0
28236at4891	0	29.170371998	241
468at4891	0	98.6	986.0
29979at4891	0	14.2	142.0
11279at4891	0	31.9	319.0
19161at4891	0	57.3900336723	461
7218at4891	0	42.8	428.0
16797at4891	0	25.8508382554	258
2193at4891	0	75.3	753.0
34739at4891	0	24.8791746916	187
27104at4891	0	33.4	334.0
11838at4891	0	41.4	414.0
28703at4891	0	16.4	164.0
32312at4891	0	48.8971964207	399
31718at4891	0	30.3	303.0
9553at4891	0	37.6	376.0
16204at4891	0	20.2	202.0
5832at4891	0	70.5	705.0
40986at4891	0	22.9696396974	126
39283at4891	0	26.7320171957	163
33118at4891	0	11.2	112.0
8689at4891	0	28.9	289.0
16352at4891	0	32.0	320.0
38671at4891	0	6.9	69.0
19235at4891	0	26.8	268.0
10619at4891	0	37.7	377.0
37639at4891	0	21.6	216.0
21396at4891	0	29.5	295.0
22443at4891	0	26.5	265.0
38532at4891	0	15.1	151.0
33944at4891	0	12.2	122.0
13383at4891	0	68.5326711689	632
26166at4891	0	17.2	172.0
6431at4891	0	100.522861906	684
528at4891	0	103.5	1035.0
29501at4891	0	16.3	163.0
665at4891	0	99.7	997.0
5324at4891	0	55.8	558.0
10138at4891	0	25.6	256.0
22930at4891	0	29.0	290.0
8978at4891	0	44.3	443.0
33608at4891	0	117.469597847	710
41002at4891	0	9.34426313894	82
10638at4891	0	31.7	317.0
4939at4891	0	51.8	518.0
8065at4891	0	35.4065411738	341
18694at4891	0	26.6	266.0
38811at4891	0	7.2	72.0
33603at4891	0	12.6	126.0
9436at4891	0	38.9	389.0
3593at4891	0	59.0	590.0
35518at4891	0	11.3	113.0
869at4891	0	85.7	857.0
5553at4891	0	55.8	558.0
28442at4891	0	16.5	165.0
7491at4891	0	45.0	450.0
39372at4891	0	48.3867932	268
28745at4891	0	30.6981193913	289
10896at4891	0	25.1	251.0
8178at4891	0	38.2	382.0
4972at4891	0	49.0	490.0
24318at4891	0	21.1	211.0
29732at4891	0	31.0	310.0
1392at4891	0	65.3	653.0
35333at4891	0	10.4	104.0
8205at4891	0	50.9388126244	450
6770at4891	0	36.1387566157	334
331at4891	0	174.663977648	1240
13164at4891	0	30.0	300.0
33647at4891	0	14.9336126816	84
37136at4891	0	8.3	83.0
9157at4891	0	67.3045610174	435
2994at4891	0	65.2	652.0
34170at4891	0	14.7411391943	133
33198at4891	0	13.2	132.0
8179at4891	0	31.3	313.0
1037at4891	0	93.8	938.0
32632at4891	0	38.0	380.0
24376at4891	0	22.4	224.0
21977at4891	0	26.0	260.0
14843at4891	0	35.5551186136	338
31367at4891	0	39.4994914469	215
9948at4891	0	46.3	463.0
12307at4891	0	43.0625984746	375
12523at4891	0	28.9	289.0
26684at4891	0	18.5	185.0
29457at4891	0	20.2595637108	168
36646at4891	0	19.5	195.0
4125at4891	0	43.4	434.0
7422at4891	0	47.5	475.0
7721at4891	0	36.8	368.0
28212at4891	0	18.9	189.0
12292at4891	0	46.6	466.0
34715at4891	0	44.2231264098	253
9782at4891	0	31.9	319.0
5956at4891	0	48.0	480.0
8550at4891	0	45.8	458.0
25484at4891	0	14.9	149.0
25506at4891	0	21.7494781564	167
5587at4891	0	74.2	742.0
24077at4891	0	45.2613949616	308
8097at4891	0	121.92525335	500
38028at4891	0	12.0	120.0
514at4891	0	165.898715798	1280
3360at4891	0	95.069177397	737
2976at4891	0	58.3	583.0
25180at4891	0	23.2	232.0
42330at4891	0	6.0	60.0
982at4891	0	74.1	741.0
37965at4891	0	32.0	320.0
14430at4891	0	64.6060273621	429
23222at4891	0	21.7	217.0
34600at4891	0	12.8968580425	123
14552at4891	0	31.3	313.0
25116at4891	0	37.3	373.0
6208at4891	0	52.2	522.0
3544at4891	0	63.6	636.0
31637at4891	0	15.4	154.0
3574at4891	0	150.183910031	911
37925at4891	0	12.5	125.0
11569at4891	0	37.9	379.0
29708at4891	0	17.0	170.0
27505at4891	0	19.1071192665	179
2171at4891	0	64.8	648.0
32226at4891	0	31.512069534	231
22023at4891	0	27.0	270.0
36980at4891	0	11.8	118.0
5746at4891	0	50.9	509.0
33264at4891	0	15.2	152.0
2531at4891	0	50.5	505.0
21346at4891	0	22.3	223.0
6341at4891	0	51.0	510.0
3802at4891	0	62.0	620.0
40685at4891	0	6.2	62.0
4680at4891	0	63.2	632.0
34052at4891	0	12.0	120.0
35750at4891	0	10.8	108.0
36899at4891	0	20.0910091496	144
863at4891	0	85.4	854.0
25406at4891	0	25.0	250.0
12664at4891	0	36.7	367.0
11330at4891	0	41.5	415.0
38133at4891	0	5.5	55.0
3050at4891	0	58.1	581.0
37340at4891	0	23.0	230.0
20072at4891	0	37.6	376.0
24785at4891	0	26.7	267.0
18389at4891	0	25.2836384693	240
34589at4891	0	14.6	146.0
3849at4891	0	44.7	447.0
33753at4891	0	11.4	114.0
21297at4891	0	22.9	229.0
7432at4891	0	42.8	428.0
12737at4891	0	33.5	335.0
37593at4891	0	29.6	296.0
39725at4891	0	20.6178813646	134
22298at4891	0	22.5	225.0
28769at4891	0	13.8	138.0
12308at4891	0	49.1	491.0
1099at4891	0	74.4	744.0
25147at4891	0	22.0365591209	187
3388at4891	0	47.8	478.0
15914at4891	0	28.8	288.0
21192at4891	0	24.1	241.0
25078at4891	0	19.7	197.0
31926at4891	0	16.2	162.0
11201at4891	0	34.5	345.0
34547at4891	0	33.2372861856	240
21590at4891	0	25.9	259.0
27140at4891	0	34.8753850769	290
15299at4891	0	27.0	270.0
36485at4891	0	15.6	156.0
2421at4891	0	60.7391617144	598
5578at4891	0	51.6	516.0
37483at4891	0	15.2	152.0
8568at4891	0	35.4	354.0
18573at4891	0	25.5	255.0
9655at4891	0	92.1582948402	447
17752at4891	0	26.7	267.0
35020at4891	0	15.6	156.0
19362at4891	0	42.4584361177	409
29657at4891	0	28.5	285.0
13293at4891	0	30.0	300.0
17607at4891	0	24.5870990277	186
27998at4891	0	21.4	214.0
39333at4891	0	11.8	118.0
12629at4891	0	36.9	369.0
30108at4891	0	21.0	210.0
21996at4891	0	17.8	178.0
14309at4891	0	30.9	309.0
18812at4891	0	23.4	234.0
1979at4891	0	34.8	348.0
23590at4891	0	107.581113428	302
14746at4891	0	36.0	360.0
33444at4891	0	19.1361835507	163
5963at4891	0	49.8	498.0
22335at4891	0	15.2145729422	117
25118at4891	0	29.7116758903	263
34849at4891	0	12.4	124.0
37786at4891	0	13.7	137.0
18324at4891	0	31.4	314.0
6711at4891	0	52.4305883964	313
26634at4891	0	20.7	207.0
2568at4891	0	69.0	690.0
24329at4891	0	21.6780455221	164
5351at4891	0	66.5939693723	502
10968at4891	0	36.9	369.0
4017at4891	0	52.8	528.0
15000at4891	0	36.3	363.0
40958at4891	0	7.4	74.0
17975at4891	0	30.2	302.0
23410at4891	0	36.7588060818	294
8758at4891	0	36.2	362.0
34345at4891	0	14.0	140.0
24693at4891	0	20.0	200.0
22266at4891	0	22.8	228.0
16305at4891	0	31.0993281158	298
24249at4891	0	16.3566178463	155
34307at4891	0	12.0	120.0
30456at4891	0	18.0	180.0
36195at4891	0	19.0586306829	145
37696at4891	0	10.5	105.0
676at4891	0	94.6	946.0
22304at4891	0	25.4	254.0
34922at4891	0	10.1	101.0
26614at4891	0	66.7	667.0
30869at4891	0	21.6	216.0
33057at4891	0	16.3	163.0
29179at4891	0	17.4	174.0
10201at4891	0	46.2	462.0
11161at4891	0	35.7	357.0
4664at4891	0	70.6	706.0
25565at4891	0	20.1	201.0
10002at4891	0	29.1	291.0
29036at4891	0	23.2	232.0
1426at4891	0	66.8	668.0
25519at4891	0	23.3	233.0
1226at4891	0	94.1	941.0
4590at4891	0	52.9	529.0
38364at4891	0	29.5806480125	182
21024at4891	0	21.4	214.0
27323at4891	0	100.643045918	634
31306at4891	0	16.6	166.0
30032at4891	0	20.1	201.0
26076at4891	0	22.3	223.0
13738at4891	0	32.1	321.0
17370at4891	0	60.6	606.0
33738at4891	0	33.2	332.0
37581at4891	0	24.2452666064	174
20087at4891	0	22.1	221.0
15962at4891	0	28.9	289.0
23053at4891	0	31.5	315.0
17239at4891	0	21.4	214.0
25731at4891	0	25.1	251.0
30376at4891	0	15.6	156.0
10849at4891	0	31.2	312.0
22393at4891	0	23.7	237.0
16212at4891	0	35.4	354.0
2640at4891	0	53.8	538.0
16912at4891	0	22.4	224.0
17477at4891	0	27.4	274.0
25981at4891	0	40.6799301835	336
7633at4891	0	65.6	656.0
31245at4891	0	13.2	132.0
13726at4891	0	28.5	285.0
540at4891	0	125.3	1253.0
14677at4891	0	40.9758135648	335
17704at4891	0	32.1	321.0
14966at4891	0	35.4	354.0
5934at4891	0	90.6383428202	786
4952at4891	0	46.0	460.0
13193at4891	0	57.2222630397	509
27875at4891	0	16.0	160.0
8762at4891	0	43.1	431.0
18446at4891	0	41.5318742242	361
13243at4891	0	38.424353625	384
3559at4891	0	49.7	497.0
33542at4891	0	16.5	165.0
21550at4891	0	41.8396938061	219
29961at4891	0	32.8780687454	225
13388at4891	0	39.7	397.0
3439at4891	0	57.1	571.0
27080at4891	0	18.7	187.0
23839at4891	0	21.6	216.0
25943at4891	0	25.8	258.0
29354at4891	0	15.8	158.0
28681at4891	0	42.9006845757	203
2212at4891	0	56.6	566.0
23507at4891	0	31.1	311.0
1425at4891	0	66.2	662.0
28605at4891	0	30.9705003494	180
17901at4891	0	30.2	302.0
13590at4891	0	41.0542302883	247
28127at4891	0	31.722493016	243
9594at4891	0	37.4	374.0
27132at4891	0	22.8	228.0
10759at4891	0	40.3	403.0
18663at4891	0	35.6	356.0
2539at4891	0	57.131402862	528
3487at4891	0	81.6	816.0
21866at4891	0	24.8	248.0
34586at4891	0	11.8	118.0
35427at4891	0	23.5762668877	185
33590at4891	0	45.1	451.0
4330at4891	0	57.4	574.0
26091at4891	0	20.6	206.0
29050at4891	0	43.6801284704	255
32435at4891	0	29.6038194895	243
14521at4891	0	34.4	344.0
21465at4891	0	25.1	251.0
25214at4891	0	36.4	364.0
3060at4891	0	76.5	765.0
12814at4891	0	38.8	388.0
22093at4891	0	31.2	312.0
14136at4891	0	55.503341349	409
28600at4891	0	17.1	171.0
25572at4891	0	19.3	193.0
16113at4891	0	32.2	322.0
11759at4891	0	34.6	346.0
2926at4891	0	59.5	595.0
30558at4891	0	46.9955860764	449
41022at4891	0	5.7	57.0
26660at4891	0	20.6	206.0
20912at4891	0	68.1607103359	474
28589at4891	0	18.5	185.0
33361at4891	0	13.1	131.0
34026at4891	0	35.9007754418	245
40345at4891	0	19.717216978	163
21370at4891	0	27.7	277.0
26409at4891	0	16.8	168.0
6314at4891	0	59.0	590.0
30401at4891	0	14.9	149.0
29107at4891	0	21.2064300639	142
22146at4891	0	24.8	248.0
28920at4891	0	14.7	147.0
811at4891	0	77.1	771.0
20158at4891	0	37.2633774401	264
21253at4891	0	33.0	330.0
4151at4891	0	52.8	528.0
35040at4891	0	21.3	213.0
26758at4891	0	34.5205308068	272
16911at4891	0	24.9	249.0
30024at4891	0	18.8	188.0
8923at4891	0	75.5	755.0
5040at4891	0	55.2	552.0
36879at4891	0	11.0590331078	106
13303at4891	0	30.6	306.0
28190at4891	0	23.1075261021	187
